Comparing the following files: 
krithika_front_s2_v1/groups,  krithika_low_s2_v1/groups,  krithika_threequarter_s2_v1/groups,  

Top 100 correlations: 
landmark(s),  krithika_front_s2_v1groups_vs_krithika_low_s2_v1groups,  krithika_front_s2_v1groups_vs_krithika_threequarter_s2_v1groups,  krithika_low_s2_v1groups_vs_krithika_threequarter_s2_v1groups,  average
(105, 158),  0.81523,  0.71539,  0.59488,  0.7085,  
(105, 159),  0.82079,  0.71127,  0.58844,  0.70683,  
(105, 160),  0.81397,  0.70261,  0.60315,  0.70658,  
(63, 161),  0.80693,  0.709,  0.60108,  0.70567,  
(293, 387),  0.78118,  0.69984,  0.63498,  0.70533,  
(63, 160),  0.81674,  0.71713,  0.57751,  0.70379,  
(334, 384),  0.72496,  0.67623,  0.7086,  0.70326,  
(293, 388),  0.75706,  0.68923,  0.66203,  0.70277,  
(63, 246),  0.78304,  0.70399,  0.61916,  0.70206,  
(105, 161),  0.79048,  0.69534,  0.61956,  0.70179,  
(334, 385),  0.75842,  0.68605,  0.65723,  0.70057,  
(293, 386),  0.78468,  0.6969,  0.6183,  0.69996,  
(63, 159),  0.81174,  0.72591,  0.5611,  0.69958,  
(66, 157),  0.7922,  0.68382,  0.62114,  0.69905,  
(293, 385),  0.77287,  0.68999,  0.62999,  0.69762,  
(46, 246),  0.79467,  0.71374,  0.58425,  0.69755,  
(157, 334),  0.6651,  0.76125,  0.66366,  0.69667,  
(53, 160),  0.80409,  0.71499,  0.56921,  0.6961,  
(276, 388),  0.78034,  0.6989,  0.60708,  0.69544,  
(66, 158),  0.80939,  0.6899,  0.58646,  0.69525,  
(276, 466),  0.75025,  0.68843,  0.64644,  0.69504,  
(334, 386),  0.76187,  0.68384,  0.63796,  0.69456,  
(105, 157),  0.77443,  0.69829,  0.60921,  0.69398,  
(293, 384),  0.72175,  0.68315,  0.67702,  0.69397,  
(63, 158),  0.79156,  0.72874,  0.56143,  0.69391,  
(53, 159),  0.80485,  0.72219,  0.55079,  0.69261,  
(46, 161),  0.80914,  0.71652,  0.55063,  0.6921,  
(105, 246),  0.75658,  0.6932,  0.62515,  0.69164,  
(53, 161),  0.78021,  0.70671,  0.58699,  0.6913,  
(53, 158),  0.7888,  0.72067,  0.55138,  0.68695,  
(66, 159),  0.80323,  0.6828,  0.57159,  0.68587,  
(33, 46),  0.73903,  0.7025,  0.6151,  0.68554,  
(33, 63),  0.73078,  0.69055,  0.63524,  0.68552,  
(334, 387),  0.7454,  0.67241,  0.63615,  0.68465,  
(293, 466),  0.71547,  0.66684,  0.6696,  0.68397,  
(66, 160),  0.78586,  0.67397,  0.58059,  0.68014,  
(283, 387),  0.7494,  0.68585,  0.60325,  0.6795,  
(53, 246),  0.74043,  0.70177,  0.59466,  0.67895,  
(52, 158),  0.78159,  0.71025,  0.54367,  0.6785,  
(283, 386),  0.75928,  0.68573,  0.58968,  0.67823,  
(46, 160),  0.80144,  0.72134,  0.51136,  0.67805,  
(157, 296),  0.67002,  0.7391,  0.62068,  0.6766,  
(52, 159),  0.7842,  0.70745,  0.538,  0.67655,  
(158, 334),  0.66683,  0.71758,  0.64519,  0.67653,  
(283, 385),  0.7436,  0.67713,  0.59966,  0.67346,  
(276, 387),  0.78065,  0.69181,  0.53827,  0.67024,  
(52, 160),  0.76576,  0.69882,  0.54487,  0.66982,  
(33, 105),  0.69999,  0.68819,  0.6206,  0.66959,  
(66, 161),  0.74878,  0.66534,  0.5857,  0.66661,  
(173, 334),  0.60696,  0.74492,  0.64714,  0.66634,  
(283, 384),  0.68016,  0.66547,  0.65259,  0.66607,  
(158, 296),  0.67972,  0.71145,  0.60582,  0.66566,  
(282, 385),  0.71495,  0.67865,  0.60244,  0.66535,  
(296, 384),  0.6943,  0.62232,  0.67397,  0.66353,  
(296, 385),  0.71998,  0.64734,  0.623,  0.66344,  
(46, 159),  0.77439,  0.72826,  0.48602,  0.66289,  
(63, 157),  0.72581,  0.70356,  0.55859,  0.66265,  
(282, 384),  0.66806,  0.67164,  0.64491,  0.66154,  
(334, 388),  0.70145,  0.64584,  0.63443,  0.66057,  
(283, 388),  0.7046,  0.66694,  0.60913,  0.66022,  
(282, 386),  0.71944,  0.67502,  0.58321,  0.65922,  
(300, 466),  0.70417,  0.69245,  0.5764,  0.65767,  
(52, 157),  0.73353,  0.68649,  0.54364,  0.65455,  
(33, 53),  0.67312,  0.68907,  0.5933,  0.65183,  
(296, 386),  0.71514,  0.64191,  0.59433,  0.65046,  
(52, 161),  0.71849,  0.6894,  0.54113,  0.64967,  
(70, 246),  0.77355,  0.67013,  0.50452,  0.6494,  
(66, 246),  0.70845,  0.66198,  0.57385,  0.64809,  
(107, 157),  0.74675,  0.64093,  0.55606,  0.64791,  
(53, 157),  0.71977,  0.68237,  0.54043,  0.64752,  
(362, 385),  0.72172,  0.79182,  0.4275,  0.64701,  
(385, 398),  0.71059,  0.80491,  0.42501,  0.64684,  
(65, 158),  0.75096,  0.68383,  0.50554,  0.64678,  
(300, 388),  0.72393,  0.69418,  0.52219,  0.64677,  
(70, 161),  0.77915,  0.67995,  0.4746,  0.64457,  
(107, 158),  0.75852,  0.64796,  0.52572,  0.64407,  
(384, 398),  0.72502,  0.7841,  0.42277,  0.64396,  
(46, 158),  0.72106,  0.73236,  0.47585,  0.64309,  
(157, 293),  0.58956,  0.73924,  0.59938,  0.64273,  
(263, 276),  0.67072,  0.63975,  0.61575,  0.64207,  
(157, 173),  0.74738,  0.78033,  0.39647,  0.64139,  
(7, 105),  0.6441,  0.63609,  0.6413,  0.6405,  
(362, 386),  0.70225,  0.80023,  0.41694,  0.63981,  
(362, 384),  0.7212,  0.7727,  0.42473,  0.63954,  
(282, 387),  0.69086,  0.66086,  0.56688,  0.63953,  
(65, 157),  0.72109,  0.67787,  0.51909,  0.63935,  
(33, 70),  0.73007,  0.6482,  0.53885,  0.63904,  
(158, 173),  0.7402,  0.77542,  0.40108,  0.6389,  
(7, 63),  0.66232,  0.62171,  0.63173,  0.63859,  
(276, 386),  0.76172,  0.66012,  0.49145,  0.63776,  
(382, 385),  0.71302,  0.78871,  0.40535,  0.63569,  
(382, 386),  0.69868,  0.8014,  0.40586,  0.63531,  
(65, 159),  0.73991,  0.67508,  0.48949,  0.63483,  
(133, 158),  0.74041,  0.77832,  0.38501,  0.63458,  
(70, 160),  0.7621,  0.69152,  0.44512,  0.63291,  
(263, 300),  0.63469,  0.67171,  0.59036,  0.63225,  
(159, 334),  0.60373,  0.67424,  0.61467,  0.63088,  
(133, 157),  0.73708,  0.78095,  0.37393,  0.63065,  
(173, 296),  0.59053,  0.70433,  0.59521,  0.63002,  
(144, 334),  0.56396,  0.7308,  0.59481,  0.62986,  