Comparing the following files: 
krithika_front_s3_v1/groups,  krithika_low_s3_v1/groups,  krithika_threequarter_s3_v1/groups,  

Top 100 correlations: 
landmark(s),  krithika_front_s3_v1groups_vs_krithika_low_s3_v1groups,  krithika_front_s3_v1groups_vs_krithika_threequarter_s3_v1groups,  krithika_low_s3_v1groups_vs_krithika_threequarter_s3_v1groups,  average
(269, 321),  0.86412,  0.94321,  0.81344,  0.87359,  
(267, 321),  0.86597,  0.93705,  0.81725,  0.87342,  
(270, 375),  0.87294,  0.93034,  0.81574,  0.87301,  
(375, 409),  0.87703,  0.92715,  0.81154,  0.87191,  
(146, 185),  0.87095,  0.93569,  0.8067,  0.87111,  
(267, 405),  0.85658,  0.94273,  0.81311,  0.87081,  
(270, 321),  0.86453,  0.94038,  0.80711,  0.87067,  
(375, 415),  0.86518,  0.94719,  0.7995,  0.87062,  
(0, 405),  0.85582,  0.94473,  0.8092,  0.86992,  
(40, 91),  0.86383,  0.94107,  0.80411,  0.86967,  
(39, 91),  0.85937,  0.94103,  0.80101,  0.86714,  
(267, 318),  0.86701,  0.93503,  0.79926,  0.8671,  
(37, 405),  0.85345,  0.94077,  0.8064,  0.86687,  
(37, 314),  0.84917,  0.94121,  0.80851,  0.8663,  
(269, 375),  0.86466,  0.92483,  0.80876,  0.86608,  
(98, 405),  0.84863,  0.93032,  0.81916,  0.86604,  
(40, 88),  0.8626,  0.94494,  0.79027,  0.86594,  
(0, 314),  0.84975,  0.94293,  0.80399,  0.86556,  
(0, 321),  0.86268,  0.93108,  0.8027,  0.86549,  
(98, 321),  0.85343,  0.92515,  0.81709,  0.86522,  
(40, 95),  0.86334,  0.93863,  0.79362,  0.8652,  
(37, 402),  0.85993,  0.94187,  0.79376,  0.86519,  
(269, 405),  0.85314,  0.94126,  0.80102,  0.86514,  
(0, 402),  0.85929,  0.94506,  0.79036,  0.8649,  
(39, 181),  0.85387,  0.94055,  0.80015,  0.86486,  
(78, 185),  0.84987,  0.92897,  0.81569,  0.86484,  
(37, 317),  0.85714,  0.94675,  0.79059,  0.86483,  
(267, 402),  0.86046,  0.94277,  0.79003,  0.86442,  
(95, 185),  0.86226,  0.94665,  0.7823,  0.86374,  
(40, 146),  0.85819,  0.93689,  0.79595,  0.86368,  
(37, 181),  0.85208,  0.93863,  0.80027,  0.86366,  
(37, 91),  0.85565,  0.93664,  0.79797,  0.86342,  
(267, 314),  0.84876,  0.93849,  0.80279,  0.86335,  
(17, 37),  0.84682,  0.93847,  0.80386,  0.86305,  
(310, 321),  0.85659,  0.95106,  0.78149,  0.86305,  
(37, 84),  0.8484,  0.93787,  0.80233,  0.86287,  
(310, 375),  0.85765,  0.94506,  0.78591,  0.86287,  
(269, 318),  0.86248,  0.93791,  0.78812,  0.86284,  
(14, 39),  0.85695,  0.94513,  0.78415,  0.86208,  
(39, 84),  0.84805,  0.93873,  0.79888,  0.86189,  
(311, 321),  0.85262,  0.95285,  0.77927,  0.86158,  
(14, 37),  0.8554,  0.94486,  0.78405,  0.86144,  
(62, 185),  0.84944,  0.91825,  0.81655,  0.86141,  
(39, 87),  0.8564,  0.94597,  0.78076,  0.86104,  
(39, 88),  0.85909,  0.93968,  0.78426,  0.86101,  
(0, 17),  0.84661,  0.93986,  0.7962,  0.86089,  
(0, 317),  0.85499,  0.94631,  0.78131,  0.86087,  
(40, 181),  0.85204,  0.93686,  0.79347,  0.86079,  
(40, 178),  0.85924,  0.94381,  0.77771,  0.86025,  
(98, 318),  0.8683,  0.91109,  0.80109,  0.86016,  
(39, 178),  0.85591,  0.94426,  0.78016,  0.86011,  
(98, 402),  0.86432,  0.92061,  0.79474,  0.85989,  
(39, 317),  0.85665,  0.9411,  0.7816,  0.85978,  
(0, 318),  0.8632,  0.92836,  0.78757,  0.85971,  
(0, 84),  0.84726,  0.93889,  0.79273,  0.85963,  
(17, 39),  0.845,  0.93775,  0.79557,  0.85944,  
(0, 181),  0.84934,  0.93916,  0.78948,  0.85933,  
(270, 318),  0.86388,  0.93384,  0.77847,  0.85873,  
(37, 87),  0.8542,  0.94365,  0.77806,  0.85864,  
(267, 317),  0.85574,  0.94234,  0.77772,  0.8586,  
(39, 314),  0.84574,  0.93735,  0.79127,  0.85812,  
(39, 95),  0.85871,  0.93079,  0.78351,  0.85767,  
(17, 267),  0.84477,  0.93505,  0.79317,  0.85766,  
(0, 91),  0.85083,  0.93599,  0.78553,  0.85745,  
(270, 324),  0.86533,  0.92138,  0.7851,  0.85727,  
(37, 178),  0.85466,  0.94044,  0.77641,  0.85717,  
(37, 88),  0.8584,  0.93286,  0.77996,  0.85707,  
(13, 405),  0.84641,  0.95044,  0.77436,  0.85707,  
(269, 402),  0.85648,  0.93975,  0.77474,  0.85699,  
(312, 321),  0.84912,  0.94582,  0.77602,  0.85699,  
(0, 14),  0.85265,  0.94392,  0.77285,  0.85647,  
(270, 405),  0.84815,  0.93197,  0.78747,  0.85586,  
(84, 267),  0.84485,  0.93381,  0.78882,  0.85583,  
(312, 405),  0.8458,  0.95163,  0.76958,  0.85567,  
(39, 146),  0.84934,  0.93264,  0.785,  0.85566,  
(269, 324),  0.86099,  0.91745,  0.78701,  0.85515,  
(181, 267),  0.84597,  0.93411,  0.78527,  0.85512,  
(37, 321),  0.85709,  0.92034,  0.78729,  0.85491,  
(267, 375),  0.85972,  0.90719,  0.79759,  0.85483,  
(269, 314),  0.8437,  0.93384,  0.78645,  0.85466,  
(311, 405),  0.84805,  0.94861,  0.76651,  0.85439,  
(82, 314),  0.84611,  0.94602,  0.77079,  0.85431,  
(14, 267),  0.85286,  0.93949,  0.76925,  0.85387,  
(270, 402),  0.86242,  0.9311,  0.76707,  0.85353,  
(0, 87),  0.85129,  0.94227,  0.76701,  0.85352,  
(91, 185),  0.85577,  0.92637,  0.77802,  0.85339,  
(80, 91),  0.85976,  0.93867,  0.76107,  0.85317,  
(321, 415),  0.84718,  0.93207,  0.77973,  0.85299,  
(82, 405),  0.84801,  0.93981,  0.77104,  0.85295,  
(269, 317),  0.85464,  0.93761,  0.76477,  0.85234,  
(91, 267),  0.84559,  0.93002,  0.78124,  0.85228,  
(81, 314),  0.85011,  0.93357,  0.77204,  0.85191,  
(13, 314),  0.84387,  0.94743,  0.76415,  0.85182,  
(0, 178),  0.85174,  0.93783,  0.76567,  0.85175,  
(321, 327),  0.84567,  0.9198,  0.78848,  0.85132,  
(37, 318),  0.85997,  0.91667,  0.77679,  0.85114,  
(87, 267),  0.8512,  0.9371,  0.76466,  0.85099,  
(324, 415),  0.87338,  0.92405,  0.75488,  0.85077,  
(327, 375),  0.84795,  0.90575,  0.79857,  0.85076,  
(37, 95),  0.85599,  0.91848,  0.77778,  0.85075,  